  [nodes]

# node = ID TYPE ARCHITECTURE NUMREG
  node = 1 transparent ss 0
  node = 2 transparent ss 0
  node = 3 transparent ss 0
  node = 4 transparent ss 0
  node = 5 transparent ss 0
  node = 6 transparent ss 0
  node = 7 transparent ss 0
  node = 8 transparent ss 0
  node = 9 transparent ss 0
  node = 10 transparent ss 0
  node = 11 transparent ss 0
  node = 12 transparent ss 0
  node = 13 transparent ss 0
  node = 14 transparent ss 0
  node = 15 transparent ss 0
  node = 16 transparent ss 0
  node = 17 transparent ss 0
  node = 18 transparent ss 0
  node = 19 transparent ss 0
  node = 20 transparent ss 0
  node = 21 transparent ss 0
  node = 22 transparent ss 0
  node = 23 transparent ss 0
  node = 24 transparent ss 0
  node = 25 transparent ss 0
  node = 26 transparent ss 0
  node = 27 transparent ss 0
  node = 28 transparent ss 0

  [links]

# -> = ORIGIN DESTINATION LENGTH
  -> = 1 2 462
  -> = 1 4 1067
  -> = 2 1 462
  -> = 2 3 690
  -> = 3 2 690
  -> = 3 4 540
  -> = 3 6 514
  -> = 4 1 1067
  -> = 4 3 540
  -> = 4 5 259
  -> = 4 14 552
  -> = 5 4 259
  -> = 5 6 393
  -> = 5 13 474
  -> = 6 3 514
  -> = 6 5 393
  -> = 6 7 747
  -> = 6 10 594
  -> = 6 12 600
  -> = 7 6 747
  -> = 7 8 834
  -> = 8 7 834
  -> = 8 9 760
  -> = 9 8 760
  -> = 9 10 796
  -> = 10 6 594
  -> = 10 9 796
  -> = 10 11 507
  -> = 11 10 507
  -> = 11 12 218
  -> = 11 21 327
  -> = 12 6 600
  -> = 12 11 218
  -> = 12 13 271
  -> = 13 5 474
  -> = 13 12 271
  -> = 13 14 592
  -> = 13 20 456
  -> = 14 4 552
  -> = 14 13 592
  -> = 14 15 381
  -> = 15 14 381
  -> = 15 16 540
  -> = 15 19 775
  -> = 15 20 757
  -> = 15 22 420
  -> = 16 15 540
  -> = 16 17 722
  -> = 17 16 722
  -> = 17 18 623
  -> = 18 17 623
  -> = 18 19 1123
  -> = 19 15 775
  -> = 19 18 1123
  -> = 19 24 819
  -> = 20 13 456
  -> = 20 15 757
  -> = 20 21 522
  -> = 20 23 534
  -> = 21 11 327
  -> = 21 20 522
  -> = 21 27 720
  -> = 22 15 420
  -> = 22 23 376
  -> = 22 24 668
  -> = 23 20 534
  -> = 23 22 376
  -> = 23 26 400
  -> = 24 19 819
  -> = 24 22 668
  -> = 24 25 474
  -> = 25 24 474
  -> = 25 26 551
  -> = 25 28 1209
  -> = 26 23 400
  -> = 26 25 551
  -> = 26 27 783
  -> = 27 21 720
  -> = 27 26 783
  -> = 27 28 1500
  -> = 28 25 1209
  -> = 28 27 1500
