  [nodes]

# node = ID TYPE ARCHITECTURE NUMREG
  node = 1 transparent ss 0
  node = 2 transparent ss 0
  node = 3 transparent ss 0
  node = 4 transparent ss 0
  node = 5 transparent ss 0
  node = 6 transparent ss 0
  node = 7 transparent ss 0
  node = 8 transparent ss 0
  node = 9 transparent ss 0
  node = 10 transparent ss 0
  node = 11 transparent ss 0
  node = 12 transparent ss 0
  node = 13 transparent ss 0
  node = 14 transparent ss 0
  node = 15 transparent ss 0
  node = 16 transparent ss 0
  node = 17 transparent ss 0

  [links]

# -> = ORIGIN DESTINATION LENGTH
  -> = 1 2 36
  -> = 1 4 37
  -> = 2 1 36
  -> = 2 3 41
  -> = 3 2 41
  -> = 3 4 88
  -> = 3 9 182
  -> = 4 1 37
  -> = 4 3 88
  -> = 4 5 278
  -> = 4 8 208
  -> = 5 4 278
  -> = 5 6 144
  -> = 6 5 144
  -> = 6 7 144
  -> = 6 8 120
  -> = 7 6 144
  -> = 7 8 157
  -> = 7 10 306
  -> = 8 4 208
  -> = 8 6 120
  -> = 8 7 157
  -> = 8 9 316
  -> = 8 10 298
  -> = 8 11 258
  -> = 9 3 182
  -> = 9 8 316
  -> = 9 11 353
  -> = 9 12 224
  -> = 9 13 85
  -> = 10 7 306
  -> = 10 8 298
  -> = 10 11 174
  -> = 11 8 258
  -> = 11 9 353
  -> = 11 10 174
  -> = 11 12 275
  -> = 12 9 224
  -> = 12 11 275
  -> = 12 15 187
  -> = 12 17 179
  -> = 13 9 85
  -> = 13 14 64
  -> = 14 13 64
  -> = 14 15 74
  -> = 15 12 187
  -> = 15 14 74
  -> = 15 16 86
  -> = 16 15 86
  -> = 16 17 143
  -> = 17 12 179
  -> = 17 16 143
