  [nodes]

# node = ID TYPE ARCHITECTURE NUMREG
  node = 1 0 1 0
  node = 2 0 1 0
  node = 3 0 1 0
  node = 4 0 1 0
  node = 5 0 1 0
  node = 6 0 1 0
  node = 7 0 1 0
  node = 8 0 1 0
  node = 9 0 1 0
  node = 10 0 1 0
  node = 11 0 1 0
  node = 12 0 1 0
  node = 13 0 1 0
  node = 14 0 1 0

  [links]

# -> = ORIGIN DESTINATION LENGTH
  -> = 1 2 1136
  -> = 1 3 1702
  -> = 1 8 2838
  -> = 2 1 1136
  -> = 2 3 683
  -> = 2 4 959
  -> = 3 1 1702
  -> = 3 2 683
  -> = 3 6 2049
  -> = 4 2 959
  -> = 4 5 573
  -> = 4 11 2349
  -> = 5 4 573
  -> = 5 6 1450
  -> = 5 7 732
  -> = 6 3 2049
  -> = 6 5 1450
  -> = 6 10 1128
  -> = 6 14 1976
  -> = 7 5 732
  -> = 7 8 718
  -> = 8 1 2838
  -> = 8 7 718
  -> = 8 9 706
  -> = 9 8 706
  -> = 9 10 839
  -> = 9 12 366
  -> = 9 13 451
  -> = 10 6 1128
  -> = 10 9 839
  -> = 11 4 2349
  -> = 11 12 596
  -> = 11 13 789
  -> = 12 9 366
  -> = 12 11 596
  -> = 12 14 385
  -> = 13 9 451
  -> = 13 11 789
  -> = 13 14 246
  -> = 14 6 1976
  -> = 14 12 385
  -> = 14 13 246
