  [nodes]

# node = ID TYPE ARCHITECTURE NUMREG
  node = 1 0 1 0
  node = 2 0 1 0
  node = 3 0 1 0
  node = 4 0 1 0
  node = 5 0 1 0
  node = 6 0 1 0
  node = 7 0 1 0
  node = 8 0 1 0
  node = 9 0 1 0
  node = 10 0 1 0
  node = 11 0 1 0
  node = 12 0 1 0
  node = 13 0 1 0
  node = 14 0 1 0
  node = 15 0 1 0
  node = 16 0 1 0
  node = 17 0 1 0

  [links]

# -> = ORIGIN DESTINATION LENGTH
  -> = 1 3 650
  -> = 1 4 585
  -> = 1 5 650
  -> = 1 6 780
  -> = 1 7 975
  -> = 2 4 520
  -> = 2 5 585
  -> = 3 1 650
  -> = 3 8 390
  -> = 4 1 585
  -> = 4 2 520
  -> = 4 9 910
  -> = 4 10 650
  -> = 4 13 650
  -> = 4 16 650
  -> = 5 1 650
  -> = 5 2 585
  -> = 5 9 780
  -> = 5 14 585
  -> = 5 16 650
  -> = 6 1 780
  -> = 6 15 975
  -> = 7 1 975
  -> = 7 8 715
  -> = 7 10 650
  -> = 7 11 650
  -> = 8 3 390
  -> = 8 7 715
  -> = 9 4 910
  -> = 9 5 780
  -> = 10 4 650
  -> = 10 7 650
  -> = 11 7 650
  -> = 11 12 650
  -> = 12 11 650
  -> = 12 13 585
  -> = 13 4 650
  -> = 13 12 585
  -> = 14 5 585
  -> = 14 17 585
  -> = 15 6 975
  -> = 15 17 585
  -> = 16 4 650
  -> = 16 5 650
  -> = 17 14 585
  -> = 17 15 585
