  [nodes]

# node = ID TYPE ARCHITECTURE NUMREG
  node = 1 transparent ss 0
  node = 2 transparent ss 0
  node = 3 transparent ss 0
  node = 4 transparent ss 0
  node = 5 transparent ss 0
  node = 6 transparent ss 0
  node = 7 transparent ss 0
  node = 8 transparent ss 0
  node = 9 transparent ss 0
  node = 10 transparent ss 0
  node = 11 transparent ss 0
  node = 12 transparent ss 0

  [links]

# -> = ORIGIN DESTINATION LENGTH
  -> = 1 2 730
  -> = 1 3 340
  -> = 2 1 730
  -> = 2 4 690
  -> = 2 5 620
  -> = 2 6 1830
  -> = 3 1 340
  -> = 3 4 540
  -> = 3 8 740
  -> = 4 2 690
  -> = 4 3 540
  -> = 4 9 200
  -> = 5 2 620
  -> = 5 7 870
  -> = 5 10 840
  -> = 6 2 1830
  -> = 6 7 370
  -> = 7 5 870
  -> = 7 6 370
  -> = 7 11 1100
  -> = 8 3 740
  -> = 8 9 280
  -> = 8 12 180
  -> = 9 4 200
  -> = 9 8 280
  -> = 9 10 440
  -> = 9 12 160
  -> = 10 5 840
  -> = 10 9 440
  -> = 10 11 830
  -> = 10 12 500
  -> = 11 7 1100
  -> = 11 10 830
  -> = 11 12 1330
  -> = 12 8 180
  -> = 12 9 160
  -> = 12 10 500
  -> = 12 11 1330
